1 44 29
2 43 29
3 43 29
4 43 29
5 43 29
6 43 29
7 43 29
8 43 29
9 43 29
10 43 29
11 43 29
12 43 28
13 43 28
14 43 28
15 43 28
16 43 28
17 43 28
18 43 28
19 43 28
20 43 28
21 43 28
22 43 28
23 44 28
24 44 29
25 44 29
26 44 29
27 44 29
28 44 29
29 44 29
30 44 29
31 44 29
1 44 29
2 45 29
3 45 29
4 45 29
5 45 29
6 45 30
7 45 30
8 46 30
9 46 30
10 46 30
11 46 30
12 46 30
13 47 31
14 47 31
15 47 31
16 47 31
17 48 31
18 48 31
19 48 32
20 48 32
21 49 32
22 49 32
23 49 32
24 49 33
25 50 33
26 50 33
27 50 33
28 51 33
1 51 34
2 51 34
3 51 34
4 52 34
5 52 35
6 52 35
7 53 35
8 53 35
9 53 36
10 54 36
11 54 36
12 54 36
13 55 37
14 55 37
15 56 37
16 56 38
17 56 38
18 57 38
19 57 38
20 57 39
21 58 39
22 58 39
23 58 40
24 59 40
25 59 40
26 59 41
27 60 41
28 60 41
29 61 41
30 61 42
31 61 42
1 62 42
2 62 43
3 62 43
4 63 43
5 63 44
6 63 44
7 64 44
8 64 45
9 65 45
10 65 45
11 65 46
12 66 46
13 66 46
14 66 47
15 67 47
16 67 47
17 67 48
18 68 48
19 68 48
20 68 48
21 69 49
22 69 49
23 69 49
24 69 50
25 70 50
26 70 50
27 70 51
28 71 51
29 71 51
30 71 52
1 71 52
2 72 52
3 72 52
4 72 53
5 73 53
6 73 53
7 73 54
8 73 54
9 74 54
10 74 55
11 74 55
12 74 55
13 75 56
14 75 56
15 75 56
16 75 56
17 76 57
18 76 57
19 76 57
20 76 58
21 77 58
22 77 58
23 77 59
24 78 59
25 78 59
26 78 60
27 78 60
28 79 60
29 79 61
30 79 61
31 80 61
1 80 62
2 80 62
3 81 63
4 81 63
5 81 63
6 82 64
7 82 64
8 82 64
9 82 65
10 83 65
11 83 65
12 83 66
13 84 66
14 84 66
15 84 66
16 85 67
17 85 67
18 85 67
19 85 68
20 86 68
21 86 68
22 86 68
23 86 69
24 87 69
25 87 69
26 87 69
27 87 69
28 87 70
29 88 70
30 88 70
1 88 70
2 88 70
3 88 70
4 88 71
5 88 71
6 88 71
7 89 71
8 89 71
9 89 71
10 89 71
11 89 71
12 89 71
13 89 71
14 89 71
15 89 71
16 89 71
17 89 71
18 89 71
19 89 71
20 89 71
21 89 71
22 89 71
23 88 71
24 88 71
25 88 71
26 88 71
27 88 71
28 88 71
29 88 71
30 88 71
31 88 71
1 88 71
2 88 71
3 88 71
4 88 71
5 88 71
6 88 71
7 87 71
8 87 71
9 87 71
10 87 71
11 87 70
12 87 70
13 87 70
14 87 70
15 87 70
16 87 70
17 87 70
18 87 70
19 86 70
20 86 70
21 86 69
22 86 69
23 86 69
24 86 69
25 86 69
26 85 69
27 85 68
28 85 68
29 85 68
30 85 68
31 84 68
1 84 67
2 84 67
3 84 67
4 84 67
5 83 66
6 83 66
7 83 66
8 82 65
9 82 65
10 82 65
11 81 64
12 81 64
13 81 64
14 80 63
15 80 63
16 80 63
17 79 62
18 79 62
19 78 61
20 78 61
21 78 61
22 77 60
23 77 60
24 76 59
25 76 59
26 76 58
27 75 58
28 75 58
29 74 57
30 74 57
1 74 56
2 73 56
3 73 55
4 72 55
5 72 55
6 72 54
7 71 54
8 71 53
9 71 53
10 70 53
11 70 52
12 70 52
13 69 52
14 69 51
15 69 51
16 68 50
17 68 50
18 68 50
19 67 49
20 67 49
21 67 49
22 66 48
23 66 48
24 66 48
25 66 48
26 65 47
27 65 47
28 65 47
29 64 46
30 64 46
31 64 46
1 63 45
2 63 45
3 63 45
4 62 45
5 62 44
6 62 44
7 61 44
8 61 43
9 61 43
10 60 43
11 60 43
12 59 42
13 59 42
14 59 42
15 58 41
16 58 41
17 57 41
18 57 41
19 57 40
20 56 40
21 56 40
22 55 39
23 55 39
24 55 39
25 54 38
26 54 38
27 53 38
28 53 37
29 52 37
30 52 37
1 52 37
2 51 36
3 51 36
4 50 36
5 50 35
6 50 35
7 49 35
8 49 34
9 49 34
10 48 34
11 48 34
12 48 33
13 47 33
14 47 33
15 47 33
16 46 32
17 46 32
18 46 32
19 46 32
20 45 31
21 45 31
22 45 31
23 45 31
24 45 31
25 44 30
26 44 30
27 44 30
28 44 30
29 44 30
30 44 30
31 44 29
